Test accuracy: 0.9944

              precision    recall  f1-score   support

           0     0.9980    0.9939    0.9959       980
           1     0.9973    0.9947    0.9960      1135
           2     0.9952    0.9942    0.9947      1032
           3     0.9921    0.9960    0.9941      1010
           4     0.9909    0.9969    0.9939       982
           5     0.9966    0.9944    0.9955       892
           6     0.9958    0.9937    0.9948       958
           7     0.9846    0.9981    0.9913      1028
           8     0.9979    0.9918    0.9949       974
           9     0.9960    0.9901    0.9930      1009

    accuracy                         0.9944     10000
   macro avg     0.9944    0.9944    0.9944     10000
weighted avg     0.9944    0.9944    0.9944     10000

